119133689
119259389
119261447
119261472
119261517
119261658
119261664
119261670
119261677
119261686
119261696
119261730
119261752
119261772
119261775
119261778
119261784
119261792
119261796
119261831
119261844
119261851
119261864
119261867
119261870
119261871
119261900
119261906
119261926
119261937
119261941
119261948
119261969
119261980
119261985
119261990
119262047
119262063
119262074
119262087
119262093
119262106
119262110
119262118
119262125
119262134
119262140
119262147
119262151
119262154
119262164
119262186
119262202
119262205
119262213
119262224
119262232
119262236
119262241
119262250
119262268
119262275
119262283
119262290
119262293
119262298
119262302
119262309
119262316
119262328
119262331
119262337
119262345
119262400
119262434
119262438
119262444
119262451
119262455
119262463
119262472
119262482
119262492
119262498
119262503
119262509
119262513
119262522
119262537
119262544
119262549
119262559
119262566
119262576
119262582
119262588
119262600
119262614
119262622
119262633
119262654
119262721
119262741
119262762
119262771
119262782
119262794
119262806
119262826
119262838
119262851
119262865
119262868
119262874
119262894
119262929
119262939
119262948
119262957
119262967
119262987
119263014
119263030
119263038
119263048
119263060
119263069
119263076
119263089
119263101
119263112
119263116
119263127
119263132
119263137
119263145
119263148
119263165
119263168
119263180
119263193
119263204
119263217
119263228
119263249
119263260
119263276
119263284
119263306
119263332
119263341
119263346
119263356
119263412
119263422
119263425
119263428
119263436
119263443
119263448
119263458
119263460
119263469
119263472
119263482
119263490
119263496
119263513
119263518
119263526
119263528
119263533
119263538
119263549
119263554
119263560
119263565
119263582
119263640
119263645
119263653
119263663
119263706
119263719
119263728
119263760
119263765
119263776
119263786
119263794
119263799
119263815
119263885
119263909
119263914
119263922
119263927
119263936
119263945
119263955
119263973
119263982
119263989
119264006
119264020
119264064
119264072
119264078
119264091
119264101
119264105
119264110
119264120
119264131
119264138
119264141
119264151
119264160
119264167
119264171
119264181
119264195
119264199
119264216
119264220
119264228
119264230
119264237
119264243
119264256
119264272
119264295
119264308
119264327
119264350
119264379
119264421
119264497
119264511
119264520
119264526
119264554
119264563
119264566
119264574
119264585
119264599
119264609
119264622
119264630
119264647
119264653
119264680
119264687
119264693
119264698
119264713
119264719
119264727
119264743
119264749
119264756
119264767
119264778
119264788
119264824
119264832
119264841
119264846
119264859
119264867
119264942
119264950
119264965
119264980
119265000
119265007
119265016
119265042
119265046
119265056
119265061
119265070
119265104
119265113
119265117
119265122
119265128
119265135
119265144
119265151
119265171
119265179
119265192
119265202
119265217
119265228
119265239
119265249
119265262
119265278
119265290
119265296
119265305
119265311
119265320
119265326
119265330
119265346
119265355
119265426
119265434
119265439
119265500
119265510
119265537
119265545
119265553
119265562
119265572
119265582
119265587
119265589
119265603
119265609
119265622
119265626
119265634
119265640
119265668
119265677
119265685
119265690
119265696
119265701
119265704
119265710
119265716
119265739
119265746
119265755
119265764
119265769
119265783
119265789
119265804
119265862
119265865
119265867
119265871
119265875
119265929
119265934
119265938
119265942
119265961
119265972
119265983
119266001
119266008
119266015
119266020
119266033
119266039
